# Id| Ra| Dec| Pos
@@SOB@@
4, 337,612208, -7,47521, 93,433872
@@EOB@@
#      Name             RA         Dec    Mag        Type         Pr  Bid Pid   X(mm)     Y(mm)  Enabled      Comment
@@SOS@@
f:4s:1              |337.594523|-7.475746|21.97|SOURCE          |7 |4  |1  |1.526771  |51.997743 |1|foo comment         
                    |337.583885|-7.497266|     |UNKNOWN         |  |   |2  |-60.300000|87.035553 |1|                    
                    |337.582249|-7.470201|     |UNKNOWN         |  |   |3  |20.100000 |87.035553 |1|                    
                    |337.583476|-7.490500|     |UNKNOWN         |  |   |4  |-40.200000|87.035553 |1|                    
f:4s:5              |337.581893|-7.463807|20.72|SOURCE          |3 |4  |5  |39.088400 |86.946705 |1|foo comment         
                    |337.583067|-7.483733|     |UNKNOWN         |  |   |6  |-20.100000|87.035553 |1|                    
f:4s:7              |337.582013|-7.456732|15.01|SOURCE          |0 |4  |7  |60.009315 |85.339345 |1|foo comment         
f:4s:8              |337.590856|-7.506684|21.87|SOURCE          |0 |4  |8  |-89.404405|68.250317 |1|foo comment         
                    |337.588364|-7.473233|     |UNKNOWN         |  |   |9  |10.050000 |69.628442 |1|                    
                    |337.590000|-7.500298|     |UNKNOWN         |  |   |10 |-70.350000|69.628442 |1|                    
                    |337.587955|-7.466466|     |UNKNOWN         |  |   |11 |30.150000 |69.628442 |1|                    
                    |337.589591|-7.493531|     |UNKNOWN         |  |   |12 |-50.250000|69.628442 |1|                    
f:4s:13             |337.586792|-7.458603|16.23|SOURCE          |8 |4  |13 |53.630406 |71.645115 |1|foo comment         
f:4s:14             |337.590092|-7.487356|20.56|SOURCE          |5 |4  |14 |-32.059103|67.062364 |1|foo comment         
                    |337.587136|-7.452934|     |UNKNOWN         |  |   |15 |70.350000 |69.628442 |1|                    
f:4s:17             |337.585341|-7.446318|17.19|SOURCE          |2 |4  |17 |90.249314 |73.723992 |1|foo comment         
f:4s:16             |337.588898|-7.481160|20.21|SOURCE          |9 |4  |16 |-13.508862|69.466957 |1|foo comment         
                    |337.594069|-7.469498|     |UNKNOWN         |  |   |19 |20.100000 |52.221332 |1|                    
f:4s:18             |337.595102|-7.503466|20.57|SOURCE          |3 |4  |18 |-80.626261|55.218689 |1|foo comment         
                    |337.593660|-7.462732|     |UNKNOWN         |  |   |21 |40.200000 |52.221332 |1|                    
f:4s:20             |337.595090|-7.495932|23.50|SOURCE          |4 |4  |20 |-58.323525|53.916643 |1|foo comment         
f:4s:23             |337.594232|-7.455187|16.04|SOURCE          |0 |4  |23 |62.432581 |49.202741 |1|foo comment         
f:4s:22             |337.595688|-7.488781|16.16|SOURCE          |6 |4  |22 |-37.261820|50.892382 |1|foo comment         
f:4s:25             |337.594045|-7.448839|21.12|SOURCE          |4 |4  |25 |81.255561 |48.624875 |1|foo comment         
                    |337.594887|-7.483031|     |UNKNOWN         |  |   |24 |-20.100000|52.221332 |1|                    
f:4s:27             |337.599753|-7.471512|16.02|SOURCE          |9 |4  |27 |13.138903 |35.896892 |1|foo comment         
                    |337.602230|-7.506361|     |UNKNOWN         |  |   |26 |-90.450000|34.814221 |1|                    
f:4s:29             |337.600729|-7.466454|18.93|SOURCE          |2 |4  |29 |27.938759 |32.134494 |1|foo comment         
f:4s:28             |337.602637|-7.499492|22.61|SOURCE          |4 |4  |28 |-70.189416|32.400529 |1|foo comment         
                    |337.599365|-7.458998|     |UNKNOWN         |  |   |31 |50.250000 |34.814221 |0|                    
f:4s:30             |337.600713|-7.493020|19.57|SOURCE          |8 |4  |30 |-50.693658|36.897839 |1|foo comment         
f:4s:34             |337.601191|-7.478542|17.02|SOURCE          |5 |4  |34 |-7.922987 |32.924650 |1|foo comment         
                    |337.598546|-7.445465|     |UNKNOWN         |  |   |35 |90.450000 |34.814221 |1|                    
f:4s:32             |337.599894|-7.485519|19.11|SOURCE          |3 |4  |32 |-28.346573|37.969728 |1|foo comment         
f:4s:33             |337.599046|-7.453261|22.75|SOURCE          |0 |4  |33 |67.286235 |34.731860 |1|foo comment         
                    |337.607526|-7.495860|     |UNKNOWN         |  |   |38 |-60.300000|17.407111 |1|                    
                    |337.605479|-7.462029|     |UNKNOWN         |  |   |39 |40.200000 |17.407111 |1|                    
f:4s:36             |337.606615|-7.502542|22.57|SOURCE          |1 |4  |36 |-79.917690|21.267997 |1|foo comment         
                    |337.605889|-7.468795|     |UNKNOWN         |  |   |37 |20.100000 |17.407111 |1|                    
f:4s:42             |337.606007|-7.482372|21.46|SOURCE          |9 |4  |42 |-20.107586|19.470673 |1|foo comment         
                    |337.604661|-7.448497|     |UNKNOWN         |  |   |43 |80.400000 |17.407111 |1|                    
f:4s:40             |337.607326|-7.488335|23.93|SOURCE          |4 |4  |40 |-37.990248|16.658592 |1|foo comment         
                    |337.605070|-7.455263|     |UNKNOWN         |  |   |41 |60.300000 |17.407111 |1|                    
                    |337.613232|-7.492126|     |UNKNOWN         |  |   |46 |-50.250000|0.000000  |1|                    
f:4s:47             |337.610515|-7.458272|15.06|SOURCE          |9 |4  |47 |50.434463 |1.960476  |1|foo comment         
f:4s:44             |337.613064|-7.499580|22.51|SOURCE          |5 |4  |44 |-72.285709|1.816326  |1|foo comment         
                    |337.611594|-7.465061|     |UNKNOWN         |  |   |45 |30.150000 |0.000000  |1|                    
                    |337.617708|-7.468092|     |UNKNOWN         |  |   |51 |20.100000 |-17.407111|1|                    
f:4s:50             |337.619612|-7.502979|20.88|SOURCE          |7 |4  |50 |-83.499944|-16.796013|1|foo comment         
                    |337.610775|-7.451528|     |UNKNOWN         |  |   |49 |70.350000 |0.000000  |1|                    
                    |337.612822|-7.485359|     |UNKNOWN         |  |   |48 |-30.150000|0.000000  |1|                    
                    |337.616889|-7.454560|     |UNKNOWN         |  |   |55 |60.300000 |-17.407111|1|                    
f:4s:54             |337.618384|-7.487917|23.04|SOURCE          |2 |4  |54 |-38.700304|-15.868086|1|foo comment         
                    |337.617299|-7.461326|     |UNKNOWN         |  |   |53 |40.200000 |-17.407111|1|                    
f:4s:52             |337.619022|-7.495059|23.04|SOURCE          |6 |4  |52 |-59.952916|-16.471622|1|foo comment         
                    |337.623823|-7.471124|     |UNKNOWN         |  |   |59 |10.050000 |-34.814221|1|                    
                    |337.625871|-7.504954|     |UNKNOWN         |  |   |58 |-90.450000|-34.814221|1|                    
f:4s:57             |337.615921|-7.448598|19.57|SOURCE          |6 |4  |57 |78.117317 |-15.624311|1|foo comment         
                    |337.618528|-7.481625|     |UNKNOWN         |  |   |56 |-20.100000|-17.407111|1|                    
                    |337.623004|-7.457591|     |UNKNOWN         |  |   |63 |50.250000 |-34.814221|1|                    
f:4s:62             |337.625865|-7.491650|23.43|SOURCE          |9 |4  |62 |-51.067808|-37.159545|1|foo comment         
f:4s:61             |337.622601|-7.464241|18.29|SOURCE          |2 |4  |61 |30.637497 |-32.450703|1|foo comment         
f:4s:60             |337.625633|-7.497093|21.89|SOURCE          |8 |4  |60 |-67.138134|-35.511457|1|foo comment         
                    |337.631577|-7.501220|     |UNKNOWN         |  |   |68 |-80.400000|-52.221332|1|                    
f:4s:69             |337.628752|-7.467036|18.76|SOURCE          |9 |4  |69 |21.280557 |-50.006553|1|foo comment         
f:4s:70             |337.630649|-7.494232|18.83|SOURCE          |5 |4  |70 |-59.553441|-50.740319|0|foo comment         
f:4s:71             |337.629815|-7.460792|20.40|SOURCE          |6 |4  |71 |39.575374 |-54.236081|1|foo comment         
                    |337.624642|-7.484656|     |UNKNOWN         |  |   |64 |-30.150000|-34.814221|1|                    
                    |337.622594|-7.450825|     |UNKNOWN         |  |   |65 |70.350000 |-34.814221|1|                    
f:4s:66             |337.623801|-7.479076|19.44|SOURCE          |3 |4  |66 |-13.485309|-33.336558|1|foo comment         
f:4s:67             |337.621577|-7.444891|17.44|SOURCE          |8 |4  |67 |88.093649 |-32.883371|1|foo comment         
                    |337.637692|-7.504251|     |UNKNOWN         |  |   |76 |-90.450000|-69.628442|1|                    
                    |337.635643|-7.470420|     |UNKNOWN         |  |   |77 |10.050000 |-69.628442|1|                    
                    |337.637282|-7.497485|     |UNKNOWN         |  |   |78 |-70.350000|-69.628442|1|                    
f:4s:79             |337.634689|-7.462849|20.08|SOURCE          |10|4  |79 |32.627689 |-68.175239|1|foo comment         
                    |337.630757|-7.487687|     |UNKNOWN         |  |   |72 |-40.200000|-52.221332|1|                    
                    |337.628709|-7.453856|     |UNKNOWN         |  |   |73 |60.300000 |-52.221332|1|                    
                    |337.630348|-7.480921|     |UNKNOWN         |  |   |74 |-20.100000|-52.221332|1|                    
f:4s:75             |337.628076|-7.447191|15.70|SOURCE          |8 |4  |75 |80.140570 |-51.549398|1|foo comment         
f:4s:85             |337.634564|-7.443434|18.12|SOURCE          |0 |4  |85 |90.117774 |-71.259630|1|foo comment         
f:4s:84             |337.637105|-7.477029|18.75|SOURCE          |10|4  |84 |-9.770694 |-72.745067|1|foo comment         
                    |337.641348|-7.466685|     |UNKNOWN         |  |   |87 |20.100000 |-87.035553|1|                    
                    |337.642987|-7.493749|     |UNKNOWN         |  |   |86 |-60.300000|-87.035553|1|                    
f:4s:81             |337.634310|-7.457368|22.31|SOURCE          |7 |4  |81 |48.918151 |-68.037214|1|foo comment         
                    |337.636872|-7.490718|     |UNKNOWN         |  |   |80 |-50.250000|-69.628442|1|                    
                    |337.634413|-7.450121|     |UNKNOWN         |  |   |83 |70.350000 |-69.628442|1|                    
                    |337.636462|-7.483952|     |UNKNOWN         |  |   |82 |-30.150000|-69.628442|1|                    
                    |337.584294|-7.504032|     |UNKNOWN         |  |   |93 |-80.400000|87.035553 |1|                    
                    |337.629938|-7.474155|     |UNKNOWN         |  |   |92 |0.000000  |-52.221332|1|                    
                    |337.582658|-7.476967|     |UNKNOWN         |  |   |95 |0.000000  |87.035553 |1|                    
                    |337.614051|-7.505658|     |UNKNOWN         |  |   |94 |-90.450000|0.000000  |1|                    
f:4s:89             |337.640730|-7.458795|15.56|SOURCE          |7 |4  |89 |43.562556 |-86.625833|1|foo comment         
f:4s:88             |337.642334|-7.487225|15.78|SOURCE          |3 |4  |88 |-40.872432|-86.278201|1|foo comment         
f:4s:91             |337.640764|-7.452081|18.27|SOURCE          |0 |4  |91 |63.429865 |-87.919396|1|foo comment         
f:4s:90             |337.642573|-7.479470|20.63|SOURCE          |7 |4  |90 |-17.959933|-88.358568|1|foo comment         
                    |337.640118|-7.446386|     |UNKNOWN         |  |   |100|80.400000 |-87.035553|1|                    
                    |337.641758|-7.473451|     |UNKNOWN         |  |   |98 |0.000000  |-87.035553|1|                    
                    |337.610365|-7.444762|     |UNKNOWN         |  |   |99 |90.450000 |0.000000  |1|                    
                    |337.643397|-7.500516|     |UNKNOWN         |  |   |96 |-80.400000|-87.035553|1|                    
                    |337.581022|-7.449902|     |UNKNOWN         |  |   |97 |80.400000 |87.035553 |1|                    
@@EOS@@
