# Id| Ra| Dec| Pos
@@SOB@@
5, 74,821877, -27,419962, 7,989869
@@EOB@@
#      Name             RA         Dec    Mag        Type         Pr  Bid Pid   X(mm)     Y(mm)  Enabled      Comment
@@SOS@@
                    |74.819120|-27.402522|     |UNKNOWN         |  |   |1  |0.000000  |52.221332 |1|                    
f:5s:2              |74.794561|-27.395086|23.68|SOURCE          |10|5  |2  |-60.966488|83.037571 |1|foo comment         
f:5s:3              |74.824199|-27.390078|18.24|SOURCE          |3 |5  |3  |18.371585 |86.905413 |1|foo comment         
f:5s:4              |74.801787|-27.393193|19.78|SOURCE          |8 |5  |4  |-41.346924|85.955782 |1|foo comment         
f:5s:5              |74.831676|-27.390190|21.04|SOURCE          |1 |5  |5  |37.820269 |83.839247 |1|foo comment         
                    |74.809722|-27.391837|     |UNKNOWN         |  |   |6  |-20.100000|87.035553 |1|                    
f:5s:7              |74.839605|-27.388587|22.58|SOURCE          |3 |5  |7  |59.154832 |85.642383 |1|foo comment         
                    |74.784177|-27.400944|     |UNKNOWN         |  |   |8  |-90.450000|69.628442 |1|                    
f:5s:9              |74.822580|-27.396772|21.64|SOURCE          |1 |5  |9  |11.391128 |67.840849 |1|foo comment         
f:5s:10             |74.791757|-27.399189|15.50|SOURCE          |10|5  |10 |-69.965577|72.013017 |1|foo comment         
                    |74.829542|-27.395295|     |UNKNOWN         |  |   |11 |30.150000 |69.628442 |1|                    
f:5s:12             |74.798979|-27.399849|23.19|SOURCE          |0 |5  |12 |-51.408104|67.436076 |1|foo comment         
f:5s:13             |74.838257|-27.395261|21.56|SOURCE          |5 |5  |13 |52.886749 |66.538155 |1|foo comment         
                    |74.806860|-27.398121|     |UNKNOWN         |  |   |14 |-30.150000|69.628442 |1|                    
f:5s:15             |74.844689|-27.394468|15.08|SOURCE          |0 |5  |15 |69.983220 |66.510340 |1|foo comment         
f:5s:17             |74.853438|-27.392796|20.96|SOURCE          |10|5  |17 |93.483547 |68.213351 |1|foo comment         
                    |74.814421|-27.397180|     |UNKNOWN         |  |   |16 |-10.050000|69.628442 |1|                    
                    |74.826681|-27.401580|     |UNKNOWN         |  |   |19 |20.100000 |52.221332 |1|                    
                    |74.788875|-27.406287|     |UNKNOWN         |  |   |18 |-80.400000|52.221332 |1|                    
f:5s:21             |74.835179|-27.399604|18.88|SOURCE          |8 |5  |21 |43.070468 |54.912346 |1|foo comment         
                    |74.796436|-27.405346|     |UNKNOWN         |  |   |20 |-60.300000|52.221332 |1|                    
f:5s:23             |74.843253|-27.400181|19.03|SOURCE          |0 |5  |23 |63.881710 |50.260521 |1|foo comment         
f:5s:22             |74.804980|-27.403753|17.03|SOURCE          |1 |5  |22 |-37.370114|53.778178 |1|foo comment         
f:5s:25             |74.849556|-27.398367|15.46|SOURCE          |2 |5  |25 |81.062623 |53.277508 |1|foo comment         
f:5s:24             |74.812154|-27.402752|18.26|SOURCE          |5 |5  |24 |-18.254807|54.094559 |1|foo comment         
                    |74.823819|-27.407864|     |UNKNOWN         |  |   |27 |10.050000 |34.814221 |1|                    
f:5s:26             |74.785976|-27.412967|22.17|SOURCE          |1 |5  |26 |-90.705116|33.663354 |1|foo comment         
                    |74.831381|-27.406922|     |UNKNOWN         |  |   |29 |30.150000 |34.814221 |1|                    
                    |74.793573|-27.411630|     |UNKNOWN         |  |   |28 |-70.350000|34.814221 |1|                    
f:5s:31             |74.837957|-27.406074|15.10|SOURCE          |9 |5  |31 |47.643673 |34.895924 |0|foo comment         
f:5s:30             |74.801426|-27.409799|15.55|SOURCE          |4 |5  |30 |-49.124692|37.322605 |1|foo comment         
                    |74.816258|-27.408806|     |UNKNOWN         |  |   |34 |-10.050000|34.814221 |1|                    
f:5s:35             |74.853095|-27.403377|21.21|SOURCE          |10|5  |35 |88.220289 |37.268773 |1|foo comment         
                    |74.808697|-27.409748|     |UNKNOWN         |  |   |32 |-30.150000|34.814221 |1|                    
f:5s:33             |74.847950|-27.405437|19.16|SOURCE          |6 |5  |33 |73.957278 |33.105456 |1|foo comment         
                    |74.798272|-27.416973|     |UNKNOWN         |  |   |38 |-60.300000|17.407111 |1|                    
                    |74.836081|-27.412264|     |UNKNOWN         |  |   |39 |40.200000 |17.407111 |1|                    
                    |74.790710|-27.417914|     |UNKNOWN         |  |   |36 |-80.400000|17.407111 |1|                    
                    |74.828520|-27.413206|     |UNKNOWN         |  |   |37 |20.100000 |17.407111 |1|                    
                    |74.813396|-27.415091|     |UNKNOWN         |  |   |42 |-20.100000|17.407111 |1|                    
f:5s:43             |74.851382|-27.410910|18.87|SOURCE          |5 |5  |43 |80.644479 |15.776547 |1|foo comment         
                    |74.805834|-27.416032|     |UNKNOWN         |  |   |40 |-40.200000|17.407111 |1|                    
f:5s:41             |74.843820|-27.411762|21.20|SOURCE          |3 |5  |41 |60.580524 |16.045675 |1|foo comment         
                    |74.802971|-27.422316|     |UNKNOWN         |  |   |46 |-50.250000|0.000000  |1|                    
                    |74.840782|-27.417605|     |UNKNOWN         |  |   |47 |50.250000 |0.000000  |1|                    
                    |74.795409|-27.423257|     |UNKNOWN         |  |   |44 |-70.350000|0.000000  |1|                    
f:5s:45             |74.831903|-27.419126|20.89|SOURCE          |7 |5  |45 |26.478646 |-1.214327 |1|foo comment         
                    |74.830359|-27.424833|     |UNKNOWN         |  |   |51 |20.100000 |-17.407111|1|                    
                    |74.792545|-27.429541|     |UNKNOWN         |  |   |50 |-80.400000|-17.407111|1|                    
                    |74.848344|-27.416662|     |UNKNOWN         |  |   |49 |70.350000 |0.000000  |1|                    
f:5s:48             |74.810952|-27.422254|17.89|SOURCE          |7 |5  |48 |-29.421660|-2.734759 |1|foo comment         
f:5s:55             |74.844251|-27.423441|16.24|SOURCE          |3 |5  |55 |56.884101 |-18.407085|1|foo comment         
f:5s:54             |74.809064|-27.427880|16.31|SOURCE          |8 |5  |54 |-36.660114|-18.565637|1|foo comment         
                    |74.837921|-27.423890|     |UNKNOWN         |  |   |53 |40.200000 |-17.407111|1|                    
                    |74.800108|-27.428600|     |UNKNOWN         |  |   |52 |-60.300000|-17.407111|1|                    
                    |74.827497|-27.431117|     |UNKNOWN         |  |   |59 |10.050000 |-34.814221|1|                    
                    |74.789681|-27.435825|     |UNKNOWN         |  |   |58 |-90.450000|-34.814221|1|                    
f:5s:57             |74.854262|-27.422300|21.76|SOURCE          |2 |5  |57 |83.448559 |-18.724952|1|foo comment         
f:5s:56             |74.814511|-27.425542|16.25|SOURCE          |1 |5  |56 |-21.499432|-13.691559|1|foo comment         
                    |74.842623|-27.429232|     |UNKNOWN         |  |   |63 |50.250000 |-34.814221|1|                    
f:5s:62             |74.803602|-27.434528|19.45|SOURCE          |0 |5  |62 |-53.633985|-36.091642|1|foo comment         
                    |74.835060|-27.430175|     |UNKNOWN         |  |   |61 |30.150000 |-34.814221|1|                    
                    |74.797245|-27.434884|     |UNKNOWN         |  |   |60 |-70.350000|-34.814221|1|                    
f:5s:68             |74.794865|-27.442198|18.88|SOURCE          |10|5  |68 |-79.562122|-55.423495|1|foo comment         
f:5s:69             |74.831235|-27.436877|20.47|SOURCE          |6 |5  |69 |17.417027 |-53.095570|1|foo comment         
f:5s:70             |74.801406|-27.438964|23.44|SOURCE          |7 |5  |70 |-61.183759|-48.315940|0|foo comment         
f:5s:71             |74.839729|-27.434576|23.97|SOURCE          |4 |5  |71 |40.503346 |-49.448374|1|foo comment         
f:5s:64             |74.811630|-27.433562|21.73|SOURCE          |6 |5  |64 |-32.312499|-36.189317|1|foo comment         
f:5s:65             |74.851084|-27.429379|23.16|SOURCE          |10|5  |65 |72.242516 |-38.347206|1|foo comment         
                    |74.819934|-27.432060|     |UNKNOWN         |  |   |66 |-10.050000|-34.814221|1|                    
                    |74.857747|-27.427344|     |UNKNOWN         |  |   |67 |90.450000 |-34.814221|1|                    
                    |74.791517|-27.447452|     |UNKNOWN         |  |   |76 |-90.450000|-69.628442|1|                    
                    |74.829336|-27.442744|     |UNKNOWN         |  |   |77 |10.050000 |-69.628442|1|                    
f:5s:78             |74.799980|-27.446259|22.38|SOURCE          |8 |5  |78 |-67.903286|-69.217450|1|foo comment         
                    |74.836900|-27.441801|     |UNKNOWN         |  |   |79 |30.150000 |-69.628442|1|                    
f:5s:72             |74.808903|-27.438155|15.14|SOURCE          |2 |5  |72 |-41.311686|-48.680060|1|foo comment         
f:5s:73             |74.847329|-27.434063|22.22|SOURCE          |8 |5  |73 |60.522343 |-50.725650|1|foo comment         
f:5s:74             |74.816108|-27.438319|16.75|SOURCE          |2 |5  |74 |-22.601423|-51.795878|1|foo comment         
f:5s:75             |74.856137|-27.434408|15.95|SOURCE          |1 |5  |75 |83.335315 |-54.966372|1|foo comment         
                    |74.859590|-27.438970|     |UNKNOWN         |  |   |85 |90.450000 |-69.628442|1|                    
                    |74.821773|-27.443686|     |UNKNOWN         |  |   |84 |-10.050000|-69.628442|1|                    
                    |74.834038|-27.448086|     |UNKNOWN         |  |   |87 |20.100000 |-87.035553|1|                    
                    |74.803781|-27.451854|     |UNKNOWN         |  |   |86 |-60.300000|-87.035553|1|                    
                    |74.844464|-27.440858|     |UNKNOWN         |  |   |81 |50.250000 |-69.628442|1|                    
f:5s:80             |74.807839|-27.445467|19.61|SOURCE          |6 |5  |80 |-47.096105|-69.763387|1|foo comment         
                    |74.852027|-27.439914|     |UNKNOWN         |  |   |83 |70.350000 |-69.628442|1|                    
                    |74.814209|-27.444628|     |UNKNOWN         |  |   |82 |-30.150000|-69.628442|1|                    
                    |74.787040|-27.394660|     |UNKNOWN         |  |   |93 |-80.400000|87.035553 |1|                    
                    |74.824635|-27.437402|     |UNKNOWN         |  |   |92 |0.000000  |-52.221332|1|                    
                    |74.817282|-27.390896|     |UNKNOWN         |  |   |95 |0.000000  |87.035553 |1|                    
                    |74.787846|-27.424198|     |UNKNOWN         |  |   |94 |-90.450000|0.000000  |1|                    
f:5s:89             |74.841719|-27.448464|16.65|SOURCE          |8 |5  |89 |39.958973 |-90.958750|1|foo comment         
f:5s:88             |74.811332|-27.451059|17.49|SOURCE          |2 |5  |88 |-40.296620|-87.461436|1|foo comment         
f:5s:91             |74.850122|-27.446835|21.81|SOURCE          |5 |5  |91 |62.528711 |-89.253120|1|foo comment         
f:5s:90             |74.818543|-27.449433|17.45|SOURCE          |7 |5  |90 |-20.835329|-85.323097|1|foo comment         
                    |74.856730|-27.445255|     |UNKNOWN         |  |   |100|80.400000 |-87.035553|1|                    
                    |74.826474|-27.449028|     |UNKNOWN         |  |   |98 |0.000000  |-87.035553|1|                    
                    |74.855905|-27.415718|     |UNKNOWN         |  |   |99 |90.450000 |0.000000  |1|                    
                    |74.796217|-27.452795|     |UNKNOWN         |  |   |96 |-80.400000|-87.035553|1|                    
                    |74.847522|-27.387125|     |UNKNOWN         |  |   |97 |80.400000 |87.035553 |1|                    
@@EOS@@
