# MEGARA file for block: 0
# Total number of blocks: 1
# Title:M15
# Description:Example2
# Generated with FMAT version: 3.1.0
# Properties file version: 1
# Date of generation  2017-08-23T18:23:59Z
# Id| Ra	 | Dec	      | Pos
@@SOB@@
0|298.447185|18.781428|360
@@EOB@@
#      Name         |    RA   |    Dec  | Mag |     Type       |Pr|Bid|Pid| X(mm)    | Y(mm)  | Angle(deg) | Enabled| Comment
@@SOS@@
s:62                |298.446470|18.800400|13.11|REFERENCE       |0 |0  |1  |2.008018  |56.292102 |175.5946  |1|                    
                    |298.468645|18.810765|     |UNKNOWN         |  |   |2  |-60.274000|87.049000 |0.0000    |1|                    
                    |298.440010|18.810749|     |UNKNOWN         |  |   |3  |20.152000 |87.000000 |0.0000    |1|                    
s:7                 |298.462390|18.808000|15.28|REFERENCE       |0 |0  |4  |-42.706314|78.843999 |28.7569   |1|                    
                    |298.432862|18.810764|     |UNKNOWN         |  |   |5  |40.227000 |87.046000 |0.0000    |1|                    
                    |298.454353|18.810766|     |UNKNOWN         |  |   |6  |-20.133000|87.051000 |360.0000  |0|                    
                    |298.425748|18.810758|     |UNKNOWN         |  |   |7  |60.209000 |87.030000 |360.0000  |1|                    
                    |298.479402|18.804902|     |UNKNOWN         |  |   |8  |-90.490000|69.658000 |359.9999  |1|                    
                    |298.443607|18.804892|     |UNKNOWN         |  |   |9  |10.049000 |69.619000 |360.0000  |0|                    
                    |298.472227|18.804894|     |UNKNOWN         |  |   |10 |-70.338000|69.631000 |0.0000    |0|                    
s:93                |298.436910|18.804100|16.97|REFERENCE       |0 |0  |11 |28.859610 |67.271257 |344.4407  |1|                    
                    |298.465065|18.804898|     |UNKNOWN         |  |   |12 |-50.221000|69.640000 |0.0000    |0|                    
s:120               |298.431390|18.802300|15.18|REFERENCE       |0 |0  |13 |44.364377 |61.931587 |21.7490   |1|                    
s:14                |298.460510|18.805500|15.03|REFERENCE       |0 |0  |14 |-37.426544|71.425787 |295.5127  |1|                    
                    |298.422118|18.804886|     |UNKNOWN         |  |   |15 |70.406000 |69.609000 |0.0000    |1|                    
s:47                |298.447550|18.806600|16.71|REFERENCE       |0 |0  |16 |-1.025459 |74.688212 |178.7669  |1|                    
                    |298.414957|18.804896|     |UNKNOWN         |  |   |17 |90.521000 |69.640000 |0.0000    |1|                    
                    |298.475821|18.799026|     |UNKNOWN         |  |   |18 |-80.433000|52.221000 |360.0000  |0|                    
s:114               |298.440680|18.798600|12.00|REFERENCE       |0 |0  |19 |18.271225 |50.951626 |314.3992  |1|                    
                    |298.468646|18.799032|     |UNKNOWN         |  |   |20 |-60.282000|52.236000 |0.0000    |1|                    
s:133               |298.430190|18.798500|15.05|REFERENCE       |0 |0  |21 |47.735988 |50.656861 |119.0413  |1|                    
s:113               |298.464600|18.801700|11.89|REFERENCE       |0 |0  |22 |-48.915334|60.151743 |308.2154  |1|                    
s:212               |298.424360|18.800500|14.85|REFERENCE       |0 |0  |23 |64.110777 |56.592925 |168.2864  |1|                    
s:40                |298.453360|18.796100|16.00|REFERENCE       |0 |0  |24 |-17.345127|43.533806 |67.0715   |1|                    
                    |298.418563|18.799026|     |UNKNOWN         |  |   |25 |80.395000 |52.222000 |359.9999  |1|                    
                    |298.479385|18.793165|     |UNKNOWN         |  |   |26 |-90.447000|34.834000 |0.0000    |1|                    
                    |298.443614|18.793169|     |UNKNOWN         |  |   |27 |10.031000 |34.838000 |0.0000    |0|                    
                    |298.472228|18.793159|     |UNKNOWN         |  |   |28 |-70.344000|34.812000 |0.0000    |0|                    
s:129               |298.434270|18.791300|16.39|REFERENCE       |0 |0  |29 |36.277463 |29.292671 |92.8536   |1|                    
s:16                |298.465790|18.792500|15.44|REFERENCE       |0 |0  |30 |-52.260647|32.854625 |329.1306  |1|                    
s:137               |298.432210|18.792700|13.19|REFERENCE       |0 |0  |31 |42.063575 |33.447086 |323.5327  |1|                    
s:24                |298.460770|18.795400|15.61|REFERENCE       |0 |0  |32 |-38.159101|41.457982 |291.0104  |1|                    
s:167               |298.423220|18.795300|14.59|REFERENCE       |0 |0  |33 |67.314897 |41.164349 |241.5534  |1|                    
s:65                |298.448840|18.793800|14.08|REFERENCE       |0 |0  |34 |-4.649044 |36.709163 |137.2039  |1|                    
                    |298.414979|18.793159|     |UNKNOWN         |  |   |35 |90.463000 |34.814000 |0.0001    |1|                    
                    |298.475806|18.787301|     |UNKNOWN         |  |   |36 |-80.397000|17.431000 |0.0000    |0|                    
s:94                |298.442320|18.790600|12.73|REFERENCE       |0 |0  |37 |13.665376 |27.214561 |291.1599  |1|                    
s:17                |298.468460|18.786100|16.35|REFERENCE       |0 |0  |38 |-59.762793|13.865932 |26.0763   |1|                    
                    |298.432855|18.787291|     |UNKNOWN         |  |   |39 |40.252000 |17.399000 |0.0000    |0|                    
s:30                |298.462420|18.784900|16.03|REFERENCE       |0 |0  |40 |-42.796442|10.303654 |20.9130   |1|                    
s:163               |298.426660|18.790000|13.88|REFERENCE       |0 |0  |41 |57.654110 |25.437432 |244.4469  |1|                    
s:55                |298.453100|18.788200|14.22|REFERENCE       |0 |0  |42 |-16.615596|20.093576 |149.7590  |1|                    
s:186               |298.420430|18.787400|16.77|REFERENCE       |0 |0  |43 |75.155240 |17.725259 |292.4760  |1|                    
                    |298.472170|18.781427|     |UNKNOWN         |  |   |44 |-70.185000|0.001000  |0.0000    |0|                    
                    |298.436450|18.781428|     |UNKNOWN         |  |   |45 |30.156000 |0.000000  |0.0000    |0|                    
s:20                |298.467350|18.782600|14.14|REFERENCE       |0 |0  |46 |-56.645925|3.480668  |280.3202  |1|                    
s:177               |298.427210|18.778500|14.83|REFERENCE       |0 |0  |47 |56.112998 |-8.684563 |95.6789   |1|                    
s:63                |298.454850|18.780900|13.30|REFERENCE       |0 |0  |48 |-21.532303|-1.566173 |128.2830  |1|                    
                    |298.422151|18.781414|     |UNKNOWN         |  |   |49 |70.322000 |-0.037000 |0.0000    |0|                    
s:3                 |298.478350|18.773500|15.58|REFERENCE       |0 |0  |50 |-87.550836|-23.515621|4.1033    |1|                    
s:151               |298.436540|18.776400|12.00|REFERENCE       |0 |0  |51 |29.903764 |-14.917758|163.6510  |1|                    
                    |298.468667|18.775561|     |UNKNOWN         |  |   |52 |-60.349000|-17.405000|360.0000  |0|                    
s:171               |298.431950|18.772000|14.17|REFERENCE       |0 |0  |53 |42.799157 |-27.972124|79.2460   |1|                    
s:52                |298.458810|18.776400|14.61|REFERENCE       |0 |0  |54 |-32.657352|-14.917585|152.3380  |1|                    
s:174               |298.428690|18.777100|13.45|REFERENCE       |0 |0  |55 |51.955850 |-12.838972|293.8975  |1|                    
                    |298.454335|18.775557|     |UNKNOWN         |  |   |56 |-20.085000|-17.421000|0.0000    |0|                    
                    |298.418561|18.775559|     |UNKNOWN         |  |   |57 |80.411000 |-17.407000|0.0000    |0|                    
s:10                |298.480670|18.766000|14.22|REFERENCE       |0 |0  |58 |-94.072505|-45.767800|63.7341   |1|                    
s:139               |298.440990|18.771500|14.71|REFERENCE       |0 |0  |59 |17.403283 |-29.457210|175.2921  |1|                    
s:23                |298.473750|18.767800|14.21|REFERENCE       |0 |0  |60 |-74.630768|-40.430271|359.5063  |1|                    
                    |298.436452|18.769694|     |UNKNOWN         |  |   |61 |30.151000 |-34.814000|0.0001    |0|                    
                    |298.465061|18.769694|     |UNKNOWN         |  |   |62 |-50.219000|-34.814000|0.0000    |0|                    
                    |298.429294|18.769694|     |UNKNOWN         |  |   |63 |50.260000 |-34.814000|0.0000    |0|                    
                    |298.457914|18.769694|     |UNKNOWN         |  |   |64 |-30.142000|-34.814000|0.0000    |0|                    
s:192               |298.424680|18.771100|14.86|REFERENCE       |0 |0  |65 |63.222990 |-30.640363|284.5676  |1|                    
                    |298.450748|18.769694|     |UNKNOWN         |  |   |66 |-10.010000|-34.816000|0.0000    |0|                    
s:205               |298.415800|18.772500|15.03|REFERENCE       |0 |0  |67 |88.168834 |-26.482627|242.2413  |1|                    
s:22                |298.475950|18.763000|16.33|REFERENCE       |0 |0  |68 |-80.813649|-54.671462|1.3482    |1|                    
s:169               |298.436700|18.763500|14.13|REFERENCE       |0 |0  |69 |29.456545 |-53.193563|135.7309  |1|                    
s:43                |298.467300|18.763300|14.67|REFERENCE       |0 |0  |70 |-56.511943|-53.784662|87.7937   |1|                    
s:175               |298.433120|18.766000|14.85|REFERENCE       |0 |0  |71 |39.513702 |-45.775083|218.8777  |1|                    
                    |298.461494|18.763831|     |UNKNOWN         |  |   |72 |-40.199000|-52.212000|0.0000    |0|                    
                    |298.425735|18.763823|     |UNKNOWN         |  |   |73 |60.262000 |-52.232000|0.0000    |0|                    
s:90                |298.455590|18.762000|15.00|REFERENCE       |0 |0  |74 |-23.613712|-57.644545|0.3965    |1|                    
s:203               |298.420340|18.767100|14.26|REFERENCE       |0 |0  |75 |75.417138 |-42.507133|276.8743  |1|                    
                    |298.479378|18.757959|     |UNKNOWN         |  |   |76 |-90.446000|-69.628000|0.0001    |1|                    
s:165               |298.439880|18.757400|16.83|REFERENCE       |0 |0  |77 |20.523315 |-71.293410|145.7861  |1|                    
                    |298.472245|18.757953|     |UNKNOWN         |  |   |78 |-70.408000|-69.647000|0.0000    |0|                    
s:172               |298.438690|18.755700|16.83|REFERENCE       |0 |0  |79 |23.866893 |-76.337358|7.1637    |1|                    
s:66                |298.462960|18.760700|16.28|REFERENCE       |0 |0  |80 |-44.319705|-61.500389|203.0627  |1|                    
                    |298.429267|18.757954|     |UNKNOWN         |  |   |81 |50.340000 |-69.649000|0.0000    |0|                    
s:80                |298.459640|18.760700|16.57|REFERENCE       |0 |0  |82 |-34.992257|-61.501128|265.3211  |1|                    
                    |298.422156|18.757951|     |UNKNOWN         |  |   |83 |70.319000 |-69.653000|359.9999  |0|                    
                    |298.450761|18.757959|     |UNKNOWN         |  |   |84 |-10.047000|-69.635000|0.0000    |0|                    
                    |298.415006|18.757944|     |UNKNOWN         |  |   |85 |90.408000 |-69.671000|359.9998  |1|                    
                    |298.468639|18.752093|     |UNKNOWN         |  |   |86 |-60.277000|-87.036000|0.0000    |1|                    
s:166               |298.442020|18.751600|16.62|REFERENCE       |0 |0  |87 |14.511426 |-88.502888|313.6059  |1|                    
                    |298.461491|18.752094|     |UNKNOWN         |  |   |88 |-40.195000|-87.036000|0.0001    |1|                    
s:197               |298.429620|18.752700|14.17|REFERENCE       |0 |0  |89 |49.350441 |-85.236840|152.9814  |1|                    
                    |298.454345|18.752074|     |UNKNOWN         |  |   |90 |-20.116000|-87.095000|0.0000    |1|                    
s:201               |298.428130|18.750100|14.56|REFERENCE       |0 |0  |91 |53.537580 |-92.950910|359.1742  |1|                    
s:208               |298.449860|18.763700|13.67|REFERENCE       |0 |0  |92 |-7.515485 |-52.600951|313.8114  |1|                    
@@EOS@@
