# Id| Ra| Dec| Pos
@@SOB@@
7| 14.979137| 44.9791| 331.026416
@@EOB@@
#      Name             RA         Dec    Mag        Type         Pr  Bid Pid   X(mm)     Y(mm)  Enabled      Comment
@@SOS@@
                    |14.991192|44.994496|     |UNKNOWN         |  |   |1  |0.000000  |52.221332 |1|                    
                    |14.974087|45.014606|     |UNKNOWN         |  |   |2  |-60.300000|87.035553 |1|                    
                    |15.007614|45.001477|     |UNKNOWN         |  |   |3  |20.100000 |87.035553 |1|                    
                    |14.982470|45.011325|     |UNKNOWN         |  |   |4  |-40.200000|87.035553 |1|                    
                    |15.015993|44.998193|     |UNKNOWN         |  |   |5  |40.200000 |87.035553 |1|                    
                    |14.990852|45.008043|     |UNKNOWN         |  |   |6  |-20.100000|87.035553 |1|                    
                    |15.024371|44.994908|     |UNKNOWN         |  |   |7  |60.300000 |87.035553 |1|                    
                    |14.957492|45.014394|     |UNKNOWN         |  |   |8  |-90.450000|69.628442 |1|                    
                    |14.999402|44.997987|     |UNKNOWN         |  |   |9  |10.050000 |69.628442 |1|                    
s:982               |14.961849|45.010623|17.15|SOURCE          |7 |7  |10 |-77.036331|64.264402 |1|foo comment         
                    |15.007782|44.994704|     |UNKNOWN         |  |   |11 |30.150000 |69.628442 |1|                    
                    |14.974259|45.007833|     |UNKNOWN         |  |   |12 |-50.250000|69.628442 |1|                    
                    |15.016160|44.991420|     |UNKNOWN         |  |   |13 |50.250000 |69.628442 |1|                    
                    |14.982641|45.004552|     |UNKNOWN         |  |   |14 |-30.150000|69.628442 |1|                    
                    |15.024537|44.988135|     |UNKNOWN         |  |   |15 |70.350000 |69.628442 |1|                    
                    |15.032914|44.984850|     |UNKNOWN         |  |   |17 |90.450000 |69.628442 |1|                    
                    |14.991022|45.001269|     |UNKNOWN         |  |   |16 |-10.050000|69.628442 |1|                    
                    |14.999572|44.991214|     |UNKNOWN         |  |   |19 |20.100000 |52.221332 |1|                    
                    |14.957666|45.007621|     |UNKNOWN         |  |   |18 |-80.400000|52.221332 |1|                    
                    |15.007950|44.987930|     |UNKNOWN         |  |   |21 |40.200000 |52.221332 |1|                    
s:160               |14.967208|45.002156|23.42|SOURCE          |10|7  |20 |-55.033302|47.726743 |1|foo comment         
                    |15.016327|44.984646|     |UNKNOWN         |  |   |23 |60.300000 |52.221332 |1|                    
s:741               |14.970735|44.999893|21.21|SOURCE          |9 |7  |22 |-45.307016|45.437644 |1|foo comment         
                    |15.024704|44.981362|     |UNKNOWN         |  |   |25 |80.400000 |52.221332 |1|                    
                    |14.982812|44.997778|     |UNKNOWN         |  |   |24 |-20.100000|52.221332 |1|                    
                    |14.991363|44.987723|     |UNKNOWN         |  |   |27 |10.050000 |34.814221 |1|                    
s:672               |14.945310|45.005067|15.91|SOURCE          |10|7  |26 |-99.410940|33.041757 |1|foo comment         
s:33                |14.997075|44.981405|18.89|SOURCE          |8 |7  |29 |29.621168 |24.224920 |1|foo comment         
s:357               |14.961806|45.001482|22.76|SOURCE          |8 |7  |28 |-63.981800|40.490091 |1|foo comment         
                    |15.008118|44.981157|     |UNKNOWN         |  |   |31 |50.250000 |34.814221 |1|                    
                    |14.966222|44.997568|     |UNKNOWN         |  |   |30 |-50.250000|34.814221 |1|                    
                    |14.982983|44.991005|     |UNKNOWN         |  |   |34 |-10.050000|34.814221 |1|                    
s:480               |15.024591|44.971144|15.35|SOURCE          |8 |7  |35 |94.894461 |25.591603 |1|foo comment         
                    |14.974603|44.994287|     |UNKNOWN         |  |   |32 |-30.150000|34.814221 |1|                    
                    |15.016494|44.977873|     |UNKNOWN         |  |   |33 |70.350000 |34.814221 |1|                    
s:754               |14.957530|44.991827|16.08|SOURCE          |8 |7  |38 |-57.958934|11.079706 |1|foo comment         
s:864               |15.004302|44.975607|18.74|SOURCE          |8 |7  |39 |51.226486 |16.526972 |1|foo comment         
s:712               |14.950943|44.996767|22.10|SOURCE          |8 |7  |36 |-77.149737|17.213209 |1|foo comment         
                    |14.991533|44.980950|     |UNKNOWN         |  |   |37 |20.100000 |17.407111 |1|                    
                    |14.974775|44.987513|     |UNKNOWN         |  |   |42 |-20.100000|17.407111 |1|                    
s:734               |15.017165|44.969357|19.30|SOURCE          |6 |7  |43 |83.831620 |13.397593 |1|foo comment         
                    |14.966395|44.990794|     |UNKNOWN         |  |   |40 |-40.200000|17.407111 |1|                    
s:827               |15.011704|44.972213|21.30|SOURCE          |7 |7  |41 |69.697522 |15.251516 |1|foo comment         
s:233               |14.955027|44.989234|17.88|SOURCE          |6 |7  |46 |-58.830578|1.806615  |1|foo comment         
s:35                |14.998355|44.972628|22.60|SOURCE          |10|7  |47 |44.591344 |2.746921  |1|foo comment         
s:617               |14.947771|44.989070|23.50|SOURCE          |3 |7  |44 |-71.917311|-5.991922 |1|foo comment         
s:257               |14.995510|44.971829|22.15|SOURCE          |10|7  |45 |40.516102 |-2.221918 |1|foo comment         
                    |14.983497|44.970686|     |UNKNOWN         |  |   |51 |20.100000 |-17.407111|1|                    
s:792               |14.944072|44.987075|16.82|SOURCE          |6 |7  |50 |-75.845640|-14.927551|1|foo comment         
s:567               |15.012287|44.966168|19.92|SOURCE          |6 |7  |49 |79.461233 |0.156539  |1|foo comment         
                    |14.966568|44.984021|     |UNKNOWN         |  |   |48 |-30.150000|0.000000  |1|                    
                    |15.000248|44.964121|     |UNKNOWN         |  |   |55 |60.300000 |-17.407111|1|                    
s:614               |14.958309|44.979702|20.80|SOURCE          |10|7  |54 |-39.110792|-19.607994|1|foo comment         
                    |14.991873|44.967404|     |UNKNOWN         |  |   |53 |40.200000 |-17.407111|1|                    
s:195               |14.948413|44.985638|17.20|SOURCE          |9 |7  |52 |-65.809373|-14.249538|1|foo comment         
                    |14.975291|44.967194|     |UNKNOWN         |  |   |59 |10.050000 |-34.814221|1|                    
s:624               |14.930513|44.986332|22.83|SOURCE          |4 |7  |58 |-99.678109|-30.627756|1|foo comment         
s:843               |15.012649|44.961121|18.74|SOURCE          |3 |7  |57 |87.387255 |-12.573659|1|foo comment         
s:438               |14.964955|44.975415|22.44|SOURCE          |8 |7  |56 |-20.748245|-23.980620|1|foo comment         
s:679               |14.986919|44.961625|19.61|SOURCE          |10|7  |63 |39.409154 |-37.445015|1|foo comment         
s:322               |14.946964|44.976418|20.36|SOURCE          |1 |7  |62 |-55.227449|-39.660493|1|foo comment         
                    |14.983668|44.963912|     |UNKNOWN         |  |   |61 |30.150000 |-34.814221|1|                    
s:461               |14.939297|44.978669|17.35|SOURCE          |6 |7  |60 |-72.542624|-41.605103|1|foo comment         
s:328               |14.936438|44.975173|19.45|SOURCE          |7 |7  |68 |-72.775178|-53.586040|1|foo comment         
s:476               |14.974858|44.958021|16.00|SOURCE          |3 |7  |69 |22.436974 |-59.066869|1|foo comment         
s:956               |14.947154|44.974306|16.67|SOURCE          |4 |7  |70 |-51.846105|-44.948997|1|foo comment         
s:905               |14.983819|44.959447|15.54|SOURCE          |6 |7  |71 |36.847559 |-46.251496|1|foo comment         
s:893               |14.962127|44.972027|16.73|SOURCE          |8 |7  |64 |-21.073444|-35.651409|1|foo comment         
                    |15.000417|44.957348|     |UNKNOWN         |  |   |65 |70.350000 |-34.814221|1|                    
s:252               |14.964711|44.971324|21.62|SOURCE          |9 |7  |66 |-15.316379|-34.849434|1|foo comment         
s:66                |15.006086|44.953193|22.59|SOURCE          |4 |7  |67 |86.735214 |-39.827707|1|foo comment         
s:497               |14.928122|44.974522|18.52|SOURCE          |4 |7  |76 |-87.114556|-63.723740|1|foo comment         
s:630               |14.968983|44.958189|16.03|SOURCE          |3 |7  |77 |11.402303 |-64.604119|1|foo comment         
s:10                |14.930673|44.972120|16.45|SOURCE          |7 |7  |78 |-78.978644|-67.369989|1|foo comment         
s:859               |14.980491|44.952732|18.68|SOURCE          |7 |7  |79 |40.385212 |-67.065179|1|foo comment         
s:986               |14.952269|44.967696|18.13|SOURCE          |3 |7  |72 |-32.957405|-56.914126|1|foo comment         
s:921               |14.997481|44.953330|21.68|SOURCE          |1 |7  |73 |70.733779 |-48.229284|1|foo comment         
s:314               |14.953800|44.965727|15.28|SOURCE          |9 |7  |74 |-27.317341|-60.469383|1|foo comment         
s:667               |15.002227|44.946841|22.29|SOURCE          |0 |7  |75 |88.783470 |-60.239916|1|foo comment         
s:104               |15.004826|44.944084|19.76|SOURCE          |2 |7  |85 |97.522212 |-64.751708|1|foo comment         
s:224               |14.959565|44.959974|16.26|SOURCE          |3 |7  |84 |-8.460630 |-69.546987|1|foo comment         
                    |14.967433|44.950155|     |UNKNOWN         |  |   |87 |20.100000 |-87.035553|1|                    
s:971               |14.932802|44.966377|15.89|SOURCE          |7 |7  |86 |-66.822695|-80.119924|1|foo comment         
s:38                |14.984576|44.950151|19.52|SOURCE          |2 |7  |81 |51.599736 |-69.610851|1|foo comment         
s:334               |14.941497|44.966287|18.76|SOURCE          |9 |7  |80 |-50.721828|-71.518515|1|foo comment         
s:174               |14.995547|44.946192|17.60|SOURCE          |0 |7  |83 |77.444518 |-68.723514|1|foo comment         
s:229               |14.947451|44.960537|20.79|SOURCE          |0 |7  |82 |-31.524604|-80.396387|1|foo comment         
                    |14.965703|45.017887|     |UNKNOWN         |  |   |93 |-80.400000|87.035553 |1|                    
s:128               |14.966409|44.963287|17.75|SOURCE          |6 |7  |92 |-0.649409 |-53.988738|1|foo comment         
                    |14.999233|45.004760|     |UNKNOWN         |  |   |95 |0.000000  |87.035553 |1|                    
                    |14.941425|44.993860|     |UNKNOWN         |  |   |94 |-90.450000|0.000000  |1|                    
s:77                |14.977373|44.945445|21.55|SOURCE          |4 |7  |89 |45.131368 |-89.154602|1|foo comment         
s:425               |14.946244|44.958184|21.99|SOURCE          |1 |7  |88 |-30.363227|-87.733153|1|foo comment         
s:267               |14.981776|44.946889|21.81|SOURCE          |2 |7  |91 |51.145016 |-80.924447|1|foo comment         
s:909               |14.948634|44.958161|21.26|SOURCE          |3 |7  |90 |-25.938185|-85.363306|1|foo comment         
                    |14.992553|44.940311|     |UNKNOWN         |  |   |100|80.400000 |-87.035553|1|                    
                    |14.959058|44.953436|     |UNKNOWN         |  |   |98 |0.000000  |-87.035553|1|                    
                    |15.016829|44.964327|     |UNKNOWN         |  |   |99 |90.450000 |0.000000  |1|                    
                    |14.925548|44.966551|     |UNKNOWN         |  |   |96 |-80.400000|-87.035553|1|                    
                    |15.032749|44.991623|     |UNKNOWN         |  |   |97 |80.400000 |87.035553 |1|                    
@@EOS@@
