# Id| Ra| Dec| Pos
@@SOB@@
2, 230,512041, 16,758471, 113,082213
@@EOB@@
#      Name             RA         Dec    Mag        Type         Pr  Bid Pid   X(mm)     Y(mm)  Enabled      Comment
@@SOS@@
f:2s:1              |230.496102|16.751682|21.40|SOURCE          |8 |2  |1  |-0.774563 |49.527036 |1|foo comment         
f:2s:2              |230.492778|16.727984|17.21|SOURCE          |0 |2  |2  |-61.717060|85.766042 |1|foo comment         
                    |230.481067|16.753197|     |UNKNOWN         |  |   |3  |20.100000 |87.035553 |1|                    
                    |230.489395|16.734491|     |UNKNOWN         |  |   |4  |-40.200000|87.035553 |1|                    
                    |230.478291|16.759433|     |UNKNOWN         |  |   |5  |40.200000 |87.035553 |1|                    
f:2s:6              |230.486523|16.739936|23.46|SOURCE          |8 |2  |6  |-22.148823|88.207270 |1|foo comment         
f:2s:7              |230.475325|16.767025|19.82|SOURCE          |4 |2  |7  |64.213217 |85.951913 |1|foo comment         
                    |230.501973|16.721204|     |UNKNOWN         |  |   |8  |-90.450000|69.628442 |1|                    
f:2s:9              |230.487106|16.753292|20.27|SOURCE          |5 |2  |9  |13.634105 |71.152698 |1|foo comment         
                    |230.499198|16.727440|     |UNKNOWN         |  |   |10 |-70.350000|69.628442 |1|                    
                    |230.485319|16.758617|     |UNKNOWN         |  |   |11 |30.150000 |69.628442 |1|                    
f:2s:12             |230.496078|16.734981|15.19|SOURCE          |5 |2  |12 |-46.305294|69.009237 |1|foo comment         
                    |230.482542|16.764852|     |UNKNOWN         |  |   |13 |50.250000 |69.628442 |1|                    
                    |230.493647|16.739911|     |UNKNOWN         |  |   |14 |-30.150000|69.628442 |1|                    
                    |230.479766|16.771088|     |UNKNOWN         |  |   |15 |70.350000 |69.628442 |1|                    
f:2s:17             |230.477874|16.777549|20.70|SOURCE          |9 |2  |17 |90.081200 |67.054889 |1|foo comment         
                    |230.490871|16.746146|     |UNKNOWN         |  |   |16 |-10.050000|69.628442 |1|                    
                    |230.492346|16.757801|     |UNKNOWN         |  |   |19 |20.100000 |52.221332 |1|                    
f:2s:18             |230.505417|16.725512|23.72|SOURCE          |0 |2  |18 |-82.534282|55.621869 |1|foo comment         
                    |230.489570|16.764037|     |UNKNOWN         |  |   |21 |40.200000 |52.221332 |1|                    
                    |230.503449|16.732859|     |UNKNOWN         |  |   |20 |-60.300000|52.221332 |1|                    
                    |230.486794|16.770272|     |UNKNOWN         |  |   |23 |60.300000 |52.221332 |1|                    
f:2s:22             |230.500369|16.738695|17.27|SOURCE          |6 |2  |22 |-40.952075|53.481494 |1|foo comment         
f:2s:25             |230.484811|16.776869|17.68|SOURCE          |6 |2  |25 |80.502156 |49.728809 |1|foo comment         
                    |230.497898|16.745330|     |UNKNOWN         |  |   |24 |-20.100000|52.221332 |1|                    
                    |230.499374|16.756986|     |UNKNOWN         |  |   |27 |10.050000 |34.814221 |1|                    
f:2s:26             |230.513638|16.725694|21.69|SOURCE          |0 |2  |26 |-91.191115|33.932915 |1|foo comment         
                    |230.496598|16.763221|     |UNKNOWN         |  |   |29 |30.150000 |34.814221 |1|                    
                    |230.510475|16.732043|     |UNKNOWN         |  |   |28 |-70.350000|34.814221 |1|                    
                    |230.493822|16.769457|     |UNKNOWN         |  |   |31 |50.250000 |34.814221 |0|                    
                    |230.507700|16.738279|     |UNKNOWN         |  |   |30 |-50.250000|34.814221 |1|                    
f:2s:34             |230.500973|16.750077|17.63|SOURCE          |3 |2  |34 |-10.576134|38.669739 |1|foo comment         
f:2s:35             |230.488288|16.780599|23.79|SOURCE          |9 |2  |35 |86.805462 |36.310489 |1|foo comment         
                    |230.504925|16.744514|     |UNKNOWN         |  |   |32 |-30.150000|34.814221 |1|                    
f:2s:33             |230.490238|16.774733|19.00|SOURCE          |7 |2  |33 |68.633188 |38.039118 |1|foo comment         
                    |230.514727|16.737462|     |UNKNOWN         |  |   |38 |-60.300000|17.407111 |1|                    
f:2s:39             |230.500680|16.769832|23.92|SOURCE          |2 |2  |39 |43.638852 |16.465711 |1|foo comment         
f:2s:36             |230.518322|16.730787|15.91|SOURCE          |4 |2  |36 |-82.512417|15.775342 |1|foo comment         
f:2s:37             |230.503112|16.763052|21.92|SOURCE          |3 |2  |37 |22.436483 |17.996654 |1|foo comment         
                    |230.509177|16.749934|     |UNKNOWN         |  |   |42 |-20.100000|17.407111 |1|                    
                    |230.495298|16.781112|     |UNKNOWN         |  |   |43 |80.400000 |17.407111 |1|                    
f:2s:40             |230.510616|16.743181|20.36|SOURCE          |5 |2  |40 |-40.123489|21.497966 |1|foo comment         
                    |230.498074|16.774876|     |UNKNOWN         |  |   |41 |60.300000 |17.407111 |1|                    
f:2s:46             |230.518399|16.743928|22.79|SOURCE          |2 |2  |46 |-46.750035|0.298176  |1|foo comment         
                    |230.505102|16.774060|     |UNKNOWN         |  |   |47 |50.250000 |0.000000  |1|                    
f:2s:44             |230.522627|16.735776|19.93|SOURCE          |4 |2  |44 |-73.694972|-1.270696 |1|foo comment         
                    |230.507878|16.767825|     |UNKNOWN         |  |   |45 |30.150000 |0.000000  |1|                    
                    |230.514906|16.767008|     |UNKNOWN         |  |   |51 |20.100000 |-17.407111|1|                    
f:2s:50             |230.527966|16.735943|23.60|SOURCE          |4 |2  |50 |-79.182447|-15.412669|1|foo comment         
                    |230.502326|16.780296|     |UNKNOWN         |  |   |49 |70.350000 |0.000000  |1|                    
f:2s:48             |230.516811|16.748438|19.52|SOURCE          |2 |2  |48 |-32.679235|-0.796335 |1|foo comment         
                    |230.509354|16.779480|     |UNKNOWN         |  |   |55 |60.300000 |-17.407111|1|                    
f:2s:54             |230.522999|16.749246|19.81|SOURCE          |4 |2  |54 |-37.363110|-17.900128|1|foo comment         
f:2s:53             |230.513330|16.773246|20.24|SOURCE          |10|2  |53 |38.870265 |-20.543459|1|foo comment         
f:2s:52             |230.526953|16.742400|17.20|SOURCE          |6 |2  |52 |-60.440114|-20.271553|1|foo comment         
f:2s:59             |230.522999|16.765871|18.74|SOURCE          |6 |2  |59 |7.989643  |-37.225122|1|foo comment         
                    |230.535807|16.735012|     |UNKNOWN         |  |   |58 |-90.450000|-34.814221|1|                    
f:2s:57             |230.506349|16.786230|20.89|SOURCE          |7 |2  |57 |82.059878 |-17.405796|1|foo comment         
f:2s:56             |230.521394|16.754031|21.99|SOURCE          |6 |2  |56 |-22.523218|-19.269689|1|foo comment         
f:2s:63             |230.516890|16.777379|22.46|SOURCE          |6 |2  |63 |46.182409 |-34.646311|1|foo comment         
                    |230.530258|16.747484|     |UNKNOWN         |  |   |62 |-50.250000|-34.814221|1|                    
f:2s:61             |230.520566|16.772474|16.52|SOURCE          |8 |2  |61 |28.710387 |-38.545673|1|foo comment         
                    |230.533032|16.741248|     |UNKNOWN         |  |   |60 |-70.350000|-34.814221|1|                    
f:2s:68             |230.540440|16.741150|20.98|SOURCE          |4 |2  |68 |-78.861128|-54.052350|1|foo comment         
f:2s:69             |230.525518|16.771698|16.14|SOURCE          |7 |2  |69 |21.082110 |-50.577962|1|foo comment         
                    |230.537285|16.746667|     |UNKNOWN         |  |   |70 |-60.300000|-52.221332|0|                    
                    |230.523411|16.777846|     |UNKNOWN         |  |   |71 |40.200000 |-52.221332|1|                    
f:2s:64             |230.526372|16.753755|15.97|SOURCE          |1 |2  |64 |-28.816917|-31.952360|1|foo comment         
f:2s:65             |230.513282|16.785620|22.20|SOURCE          |5 |2  |65 |72.679082 |-34.803349|1|foo comment         
                    |230.524708|16.759956|     |UNKNOWN         |  |   |66 |-10.050000|-34.814221|1|                    
                    |230.510831|16.791135|     |UNKNOWN         |  |   |67 |90.450000 |-34.814221|1|                    
                    |230.547086|16.739613|     |UNKNOWN         |  |   |76 |-90.450000|-69.628442|1|                    
                    |230.533214|16.770794|     |UNKNOWN         |  |   |77 |10.050000 |-69.628442|1|                    
f:2s:78             |230.543659|16.744631|23.59|SOURCE          |2 |2  |78 |-72.946977|-66.507236|1|foo comment         
                    |230.530439|16.777030|     |UNKNOWN         |  |   |79 |30.150000 |-69.628442|1|                    
                    |230.534510|16.752903|     |UNKNOWN         |  |   |72 |-40.200000|-52.221332|1|                    
f:2s:73             |230.521188|16.784624|19.87|SOURCE          |0 |2  |73 |61.163007 |-54.293820|1|foo comment         
f:2s:74             |230.532463|16.760099|16.77|SOURCE          |6 |2  |74 |-18.289389|-55.236900|1|foo comment         
                    |230.517860|16.790318|     |UNKNOWN         |  |   |75 |80.400000 |-52.221332|1|                    
                    |230.522113|16.795737|     |UNKNOWN         |  |   |85 |90.450000 |-69.628442|1|                    
                    |230.535989|16.764558|     |UNKNOWN         |  |   |84 |-10.050000|-69.628442|1|                    
f:2s:87             |230.536170|16.776025|21.34|SOURCE          |9 |2  |87 |21.032292 |-83.429793|1|foo comment         
f:2s:86             |230.548288|16.752453|15.52|SOURCE          |7 |2  |86 |-56.758744|-87.689860|1|foo comment         
f:2s:81             |230.527851|16.782893|20.79|SOURCE          |8 |2  |81 |49.025804 |-69.684060|1|foo comment         
f:2s:80             |230.541012|16.752652|17.85|SOURCE          |3 |2  |80 |-48.119209|-68.913826|1|foo comment         
f:2s:83             |230.525145|16.789624|16.16|SOURCE          |4 |2  |83 |70.399327 |-70.440462|1|foo comment         
f:2s:82             |230.539454|16.758638|22.58|SOURCE          |5 |2  |82 |-30.055101|-71.800669|1|foo comment         
                    |230.494947|16.722020|     |UNKNOWN         |  |   |93 |-80.400000|87.035553 |1|                    
f:2s:92             |230.527758|16.765924|19.16|SOURCE          |2 |2  |92 |2.837640  |-49.717406|1|foo comment         
                    |230.483844|16.746962|     |UNKNOWN         |  |   |95 |0.000000  |87.035553 |1|                    
                    |230.524528|16.730410|     |UNKNOWN         |  |   |94 |-90.450000|0.000000  |1|                    
f:2s:89             |230.533314|16.782037|19.01|SOURCE          |4 |2  |89 |40.611402 |-82.957598|1|foo comment         
f:2s:88             |230.544690|16.756654|20.42|SOURCE          |5 |2  |88 |-41.294220|-83.172680|1|foo comment         
f:2s:91             |230.531788|16.789664|15.60|SOURCE          |4 |2  |91 |63.116234 |-87.836658|1|foo comment         
f:2s:90             |230.544230|16.763742|22.23|SOURCE          |8 |2  |90 |-21.445507|-90.208102|1|foo comment         
                    |230.529142|16.794920|     |UNKNOWN         |  |   |100|80.400000 |-87.035553|1|                    
                    |230.540242|16.769976|     |UNKNOWN         |  |   |98 |0.000000  |-87.035553|1|                    
                    |230.499550|16.786531|     |UNKNOWN         |  |   |99 |90.450000 |0.000000  |1|                    
                    |230.551339|16.745032|     |UNKNOWN         |  |   |96 |-80.400000|-87.035553|1|                    
                    |230.472738|16.771903|     |UNKNOWN         |  |   |97 |80.400000 |87.035553 |1|                    
@@EOS@@
