# Id| Ra| Dec| Pos
@@SOB@@
0, 23,460317, 31,659561, 359,586375
@@EOB@@
#      Name             RA         Dec    Mag        Type         Pr  Bid Pid   X(mm)     Y(mm)  Enabled      Comment
@@SOS@@
                    |23.460466|31.677171|     |UNKNOWN         |  |   |1  |0.000000  |52.221332 |1|                    
                    |23.436669|31.689056|     |UNKNOWN         |  |   |2  |-60.300000|87.035553 |1|                    
                    |23.468532|31.688862|     |UNKNOWN         |  |   |3  |20.100000 |87.035553 |1|                    
                    |23.444634|31.689008|     |UNKNOWN         |  |   |4  |-40.200000|87.035553 |1|                    
                    |23.476498|31.688813|     |UNKNOWN         |  |   |5  |40.200000 |87.035553 |1|                    
                    |23.452600|31.688960|     |UNKNOWN         |  |   |6  |-20.100000|87.035553 |1|                    
                    |23.484463|31.688762|     |UNKNOWN         |  |   |7  |60.300000 |87.035553 |1|                    
                    |23.424672|31.683257|     |UNKNOWN         |  |   |8  |-90.450000|69.628442 |1|                    
O4V_hd164794        |23.467639|31.681099|19.57|SOURCE          |1 |0  |9  |18.015057 |63.999284 |1|comment             
                    |23.432638|31.683210|     |UNKNOWN         |  |   |10 |-70.350000|69.628442 |1|                    
B2V_hd145482        |23.469555|31.680124|20.32|SOURCE          |1 |0  |11 |22.870949 |61.143449 |1|comment             
                    |23.440603|31.683162|     |UNKNOWN         |  |   |12 |-50.250000|69.628442 |1|                    
                    |23.480429|31.682917|     |UNKNOWN         |  |   |13 |50.250000 |69.628442 |1|                    
                    |23.448568|31.683114|     |UNKNOWN         |  |   |14 |-30.150000|69.628442 |1|                    
                    |23.488395|31.682867|     |UNKNOWN         |  |   |15 |70.350000 |69.628442 |1|                    
                    |23.496360|31.682816|     |UNKNOWN         |  |   |17 |90.450000 |69.628442 |1|                    
                    |23.456534|31.683066|     |UNKNOWN         |  |   |16 |-10.050000|69.628442 |1|                    
                    |23.468431|31.677122|     |UNKNOWN         |  |   |19 |27.690302 |56.398476 |1|                    
                    |23.428607|31.677363|     |UNKNOWN         |  |   |18 |-80.400000|52.221332 |1|                    
B1V_hd52918         |23.472388|31.676553|20.07|SOURCE          |1 |0  |21 |30.097343 |50.606902 |1|comment             
O4V_hd164794        |23.434955|31.674825|19.19|SOURCE          |1 |0  |20 |-64.328860|44.806772 |1|comment             
                    |23.484361|31.677022|     |UNKNOWN         |  |   |23 |60.300000 |52.221332 |1|                    
B1V_hd52918         |23.446473|31.675404|20.04|SOURCE          |1 |0  |22 |-35.274850|46.728260 |1|comment             
                    |23.492325|31.676972|     |UNKNOWN         |  |   |25 |80.400000 |52.221332 |1|                    
                    |23.452502|31.677220|     |UNKNOWN         |  |   |24 |-20.100000|52.221332 |1|                    
                    |23.464399|31.671277|     |UNKNOWN         |  |   |27 |10.050000 |34.814221 |1|                    
                    |23.424577|31.671516|     |UNKNOWN         |  |   |26 |-90.450000|34.814221 |1|                    
O7.5V_hd155806      |23.475621|31.673161|20.43|SOURCE          |1 |0  |29 |38.329815 |40.608748 |1|comment             
                    |23.432542|31.671469|     |UNKNOWN         |  |   |28 |-70.350000|34.814221 |1|                    
                    |23.480327|31.671177|     |UNKNOWN         |  |   |31 |50.250000 |34.814221 |0|                    
                    |23.440506|31.671422|     |UNKNOWN         |  |   |30 |-50.250000|34.814221 |1|                    
                    |23.456434|31.671326|     |UNKNOWN         |  |   |34 |-10.050000|34.814221 |1|                    
                    |23.496256|31.671076|     |UNKNOWN         |  |   |35 |90.450000 |34.814221 |1|                    
B7II_hd155416       |23.444943|31.673759|17.00|SOURCE          |1 |0  |32 |-39.101321|41.823083 |1|comment             
                    |23.488292|31.671127|     |UNKNOWN         |  |   |33 |70.350000 |34.814221 |1|                    
                    |23.436475|31.665576|     |UNKNOWN         |  |   |38 |-60.300000|17.407111 |1|                    
                    |23.476294|31.665332|     |UNKNOWN         |  |   |39 |40.200000 |17.407111 |1|                    
                    |23.428512|31.665623|     |UNKNOWN         |  |   |36 |-80.400000|17.407111 |1|                    
                    |23.468331|31.665382|     |UNKNOWN         |  |   |37 |20.100000 |17.407111 |1|                    
                    |23.452403|31.665480|     |UNKNOWN         |  |   |42 |-20.100000|17.407111 |1|                    
                    |23.492222|31.665231|     |UNKNOWN         |  |   |43 |80.400000 |17.407111 |1|                    
                    |23.444439|31.665528|     |UNKNOWN         |  |   |40 |-40.200000|17.407111 |1|                    
                    |23.484258|31.665282|     |UNKNOWN         |  |   |41 |60.300000 |17.407111 |1|                    
B1V_hd52918         |23.442353|31.656589|20.37|SOURCE          |1 |0  |46 |-45.278199|-9.136288 |1|comment             
B6Ia_hd105071       |23.480976|31.657168|16.46|SOURCE          |1 |0  |47 |52.194938 |-6.714440 |1|comment             
                    |23.432445|31.659729|     |UNKNOWN         |  |   |44 |-70.350000|0.000000  |1|                    
B0.5I_hd115842      |23.475556|31.657589|19.28|SOURCE          |1 |0  |45 |38.505574 |-5.567087 |1|comment             
                    |23.468230|31.653642|     |UNKNOWN         |  |   |51 |20.100000 |-17.407111|1|                    
                    |23.428416|31.653883|     |UNKNOWN         |  |   |50 |-80.400000|-17.407111|1|                    
                    |23.488188|31.659387|     |UNKNOWN         |  |   |49 |70.350000 |0.000000  |1|                    
O7.5V_hd155806      |23.444845|31.657207|20.13|SOURCE          |1 |0  |48 |-39.001262|-7.259324 |1|comment             
B1V_hd52918         |23.480438|31.654830|19.68|SOURCE          |1 |0  |55 |50.888343 |-13.657212|1|comment             
O.5V_hd155806       |23.447802|31.655642|19.25|SOURCE          |1 |0  |54 |-31.504759|-11.847000|1|comment             
O7.5V_hd155806      |23.478092|31.656403|20.25|SOURCE          |1 |0  |53 |44.932416 |-9.036676 |1|comment             
B1V_hd52918         |23.440041|31.656179|20.00|SOURCE          |1 |0  |52 |-51.105228|-10.393143|1|comment             
                    |23.464199|31.647796|     |UNKNOWN         |  |   |59 |10.050000 |-34.814221|1|                    
                    |23.424387|31.648036|     |UNKNOWN         |  |   |58 |-90.450000|-34.814221|1|                    
                    |23.492118|31.653491|     |UNKNOWN         |  |   |57 |80.400000 |-17.407111|1|                    
B5IV_hd58377        |23.448446|31.652906|20.49|SOURCE          |1 |0  |56 |-29.821575|-19.948342|1|comment             
                    |23.480123|31.647697|     |UNKNOWN         |  |   |63 |50.250000 |-34.814221|1|                    
                    |23.440312|31.647942|     |UNKNOWN         |  |   |62 |-50.250000|-34.814221|1|                    
                    |23.472161|31.647747|     |UNKNOWN         |  |   |61 |30.150000 |-34.814221|1|                    
                    |23.432349|31.647989|     |UNKNOWN         |  |   |60 |-70.350000|-34.814221|1|                    
                    |23.428321|31.642142|     |UNKNOWN         |  |   |68 |-80.400000|-52.221332|1|                    
                    |23.468129|31.641902|     |UNKNOWN         |  |   |69 |20.100000 |-52.221332|1|                    
                    |23.436282|31.642095|     |UNKNOWN         |  |   |70 |-60.300000|-52.221332|0|                    
                    |23.476091|31.641852|     |UNKNOWN         |  |   |71 |40.200000 |-52.221332|1|                    
O9Ib_hd76341        |23.444398|31.649661|17.33|SOURCE          |1 |0  |64 |-39.971228|-29.643011|1|comment             
                    |23.488085|31.647647|     |UNKNOWN         |  |   |65 |70.350000 |-34.814221|1|                    
                    |23.456236|31.647845|     |UNKNOWN         |  |   |66 |-10.050000|-34.814221|1|                    
                    |23.496048|31.647596|     |UNKNOWN         |  |   |67 |90.450000 |-34.814221|1|                    
                    |23.424292|31.636296|     |UNKNOWN         |  |   |76 |-90.450000|-69.628442|1|                    
                    |23.464099|31.636056|     |UNKNOWN         |  |   |77 |10.050000 |-69.628442|1|                    
                    |23.432253|31.636249|     |UNKNOWN         |  |   |78 |-70.350000|-69.628442|1|                    
                    |23.472060|31.636007|     |UNKNOWN         |  |   |79 |30.150000 |-69.628442|1|                    
                    |23.444244|31.642048|     |UNKNOWN         |  |   |72 |-40.200000|-52.221332|1|                    
                    |23.484053|31.641802|     |UNKNOWN         |  |   |73 |60.300000 |-52.221332|1|                    
                    |23.452206|31.641999|     |UNKNOWN         |  |   |74 |-20.100000|-52.221332|1|                    
                    |23.492015|31.641751|     |UNKNOWN         |  |   |75 |80.400000 |-52.221332|1|                    
                    |23.495943|31.635856|     |UNKNOWN         |  |   |85 |90.450000 |-69.628442|1|                    
                    |23.456137|31.636105|     |UNKNOWN         |  |   |84 |-10.050000|-69.628442|1|                    
                    |23.468029|31.630161|     |UNKNOWN         |  |   |87 |20.100000 |-87.035553|1|                    
                    |23.436186|31.630355|     |UNKNOWN         |  |   |86 |-60.300000|-87.035553|1|                    
                    |23.480021|31.635957|     |UNKNOWN         |  |   |81 |50.250000 |-69.628442|1|                    
                    |23.440215|31.636201|     |UNKNOWN         |  |   |80 |-50.250000|-69.628442|1|                    
                    |23.487982|31.635906|     |UNKNOWN         |  |   |83 |70.350000 |-69.628442|1|                    
                    |23.448176|31.636153|     |UNKNOWN         |  |   |82 |-30.150000|-69.628442|1|                    
                    |23.428703|31.689103|     |UNKNOWN         |  |   |93 |-80.400000|87.035553 |1|                    
                    |23.460168|31.641951|     |UNKNOWN         |  |   |92 |0.000000  |-52.221332|1|                    
                    |23.460566|31.688911|     |UNKNOWN         |  |   |95 |0.000000  |87.035553 |1|                    
                    |23.424482|31.659776|     |UNKNOWN         |  |   |94 |-90.450000|0.000000  |1|                    
                    |23.475990|31.630112|     |UNKNOWN         |  |   |89 |40.200000 |-87.035553|1|                    
                    |23.444147|31.630307|     |UNKNOWN         |  |   |88 |-40.200000|-87.035553|1|                    
                    |23.483950|31.630062|     |UNKNOWN         |  |   |91 |60.300000 |-87.035553|1|                    
                    |23.452107|31.630259|     |UNKNOWN         |  |   |90 |-20.100000|-87.035553|1|                    
                    |23.491911|31.630011|     |UNKNOWN         |  |   |100|80.400000 |-87.035553|1|                    
                    |23.460068|31.630211|     |UNKNOWN         |  |   |98 |0.000000  |-87.035553|1|                    
                    |23.496152|31.659336|     |UNKNOWN         |  |   |99 |90.450000 |0.000000  |1|                    
                    |23.428225|31.630402|     |UNKNOWN         |  |   |96 |-80.400000|-87.035553|1|                    
                    |23.492429|31.688712|     |UNKNOWN         |  |   |97 |80.400000 |87.035553 |1|                    
@@EOS@@
