minibundle x0 y0 L01 L13 offset1 offset2
1    -39.4  52304.1   5984.0   5947.2   -0.735    0.311
x0 y0 x1 y1 x3 y3
   -39.4  52304.1   5944.2  52380.9     -6.0  52272.2
rot1=0 rot2=0-180 mean(erx) mean(ery)     12.8     14.1
rot1 rot2 x y erx ery
0 0     -3.6  52287.4      2.4     15.2
0 0     -1.2  52287.7      4.8     15.5
0 0     -7.4  52279.9     -1.4      7.7
0 0     -4.7  52276.1      1.3      3.9
0 0    -10.4  52284.2     -4.4     12.0
0 0      1.1  52268.3      7.1     -3.9
0 0     -6.5  52265.5     -0.5     -6.7
0 0      0.7  52262.2      6.7    -10.0
0 0     -5.0  52269.0      1.0     -3.2
0 0     -5.2  52281.1      0.8      8.9
0 0     -3.1  52272.0      2.9     -0.2
0 0     -5.1  52277.9      0.9      5.7
0 0    -10.4  52294.1     -4.4     21.9
0 0      2.1  52274.8      8.1      2.6
0 0     -6.0  52275.5     -0.0      3.3
0 0    -14.2  52252.4     -8.2    -19.8
0 0     16.2  52244.7     22.2    -27.5
0 0    -11.5  52231.9     -5.5    -40.3
0 30    864.1  49263.8     19.2    -49.9
0 30    843.9  49308.1     -1.0     -5.6
0 30    849.3  49322.7      4.4      9.1
0 0     -4.3  52259.8      1.7    -12.4
0 0     -4.9  52247.9      1.1    -24.3
0 0     -6.7  52247.1     -0.7    -25.1
0 30    863.7  49301.7     18.7    -12.0
0 30    855.1  49289.8     10.2    -23.9
0 30    874.5  49289.0     29.5    -24.7
0 0     11.6  52267.9     17.6     -4.3
0 60   3075.7  47172.3     14.5     -4.7
0 0     21.4  52246.8     27.4    -25.4
0 0      4.0  52245.1     10.0    -27.1
0 0      4.5  52252.7     10.5    -19.5
0 90   6085.3  46437.3     36.6      2.7
0 90   6051.5  46440.1      2.7      5.5
0 90   6087.2  46436.5     38.4      1.9
0 120   9024.5  47307.9     17.2     22.3
0 120   9033.1  47302.3     25.7     16.7
0 120   9029.6  47292.4     22.3      6.9
0 150  11137.6  49521.4     -6.4     19.6
0 150  11142.7  49503.6     -1.4      1.9
0 150  11148.0  49524.6      4.0     22.8
0 180  11891.3  52483.8      4.9     -5.6
0 180  11888.2  52493.9      1.8      4.5
0 180  11892.2  52486.1      5.8     -3.3
0 180  11896.5  52510.7     10.2     21.4
0 180  11885.9  52497.4     -0.5      8.0
0 180  11891.1  52499.8      4.8     10.4
0 170  11822.0  51484.2      7.1     29.0
0 170  11830.0  51477.9     15.1     22.7
0 170  11837.8  51476.9     22.9     21.7
0 160  11575.2  50468.8     10.3     19.7
0 160  11567.0  50467.9      2.0     18.8
0 160  11579.2  50476.3     14.3     27.2
0 150  11143.8  49521.1     -0.2     19.4
0 150  11149.1  49522.0      5.0     20.3
0 150  11142.7  49507.5     -1.3      5.7
0 140  10587.4  48654.3     22.4     12.4
0 140  10577.4  48650.6     12.4      8.8
0 140  10585.1  48662.4     20.1     20.6
0 130   9865.8  47911.4     20.3     15.9
0 130   9861.4  47907.3     15.9     11.7
0 130   9859.9  47897.4     14.4      1.9
0 120   9019.8  47293.9     12.5      8.4
0 120   9022.3  47302.2     15.0     16.7
0 120   9025.3  47284.7     18.0     -0.8
0 110   8095.7  46835.2     19.8      4.9
0 110   8095.4  46828.9     19.5     -1.5
0 110   8106.8  46822.3     30.8     -8.0
0 100   7102.1  46549.4     22.4      5.6
0 100   7101.9  46522.0     22.2    -21.8
0 100   7101.0  46564.7     21.3     20.9
0 90   6068.9  46427.3     20.2     -7.3
0 90   6079.9  46426.9     31.2     -7.7
0 90   6077.6  46418.7     28.8    -15.9
0 80   5040.3  46497.6     25.7     -8.5
0 80   5035.2  46495.5     20.6    -10.6
0 80   5031.0  46500.3     16.4     -5.7
0 70   4025.8  46746.0     17.3    -10.1
0 70   4022.6  46755.3     14.1     -0.8
0 70   4030.3  46752.2     21.8     -3.8
0 70   4030.3  46762.5     21.8      6.5
0 70   4023.2  46769.8     14.7     13.7
0 70   4025.5  46761.2     17.0      5.1
0 60   3077.7  47147.9     16.6    -29.0
0 60   3077.1  47176.7     16.0     -0.3
0 60   3083.5  47170.3     22.4     -6.7
0 50   2228.9  47733.2     27.7    -22.7
0 50   2225.6  47754.3     24.3     -1.6
0 50   2225.5  47738.8     24.2    -17.1
0 40   1467.4  48455.1     12.5    -20.4
0 40   1481.4  48450.0     26.4    -25.4
0 40   1464.9  48481.0     10.0      5.5
0 30    869.3  49298.3     24.4    -15.4
0 30    853.8  49288.0      8.9    -25.7
0 30    867.4  49310.6     22.5     -3.1
0 20    402.8  50226.3     13.1    -18.7
0 20    380.6  50251.4     -9.1      6.4
0 20    398.7  50233.6      8.9    -11.5
0 10    111.7  51219.0      8.5    -22.3
0 10    114.3  51219.9     11.1    -21.4
0 10    118.9  51212.1     15.7    -29.2
0 0     -3.3  52248.7      2.7    -23.5
0 0      3.2  52253.3      9.2    -18.9
0 0     -3.5  52252.4      2.5    -19.8
0 180  11889.4  52505.9      3.1     16.5
0 180  11896.4  52510.2     10.1     20.8
0 180  11899.4  52499.4     13.0     10.0
0 0      1.7  52227.4      7.7    -44.8
0 0    -12.3  52267.2     -6.3     -5.0
0 0      0.8  52229.3      6.8    -42.9
rot1=0-360 rot2=0 mean(erx) mean(ery)     12.7     17.1
rot1 rot2 x y erx ery
0 0     -3.6  52287.4      2.4     15.2
0 0     -1.2  52287.7      4.8     15.5
0 0     -7.4  52279.9     -1.4      7.7
0 0     -4.7  52276.1      1.3      3.9
0 0    -10.4  52284.2     -4.4     12.0
0 0      1.1  52268.3      7.1     -3.9
0 0     -6.5  52265.5     -0.5     -6.7
0 0      0.7  52262.2      6.7    -10.0
0 0     -5.0  52269.0      1.0     -3.2
0 0     -5.2  52281.1      0.8      8.9
0 0     -3.1  52272.0      2.9     -0.2
0 0     -5.1  52277.9      0.9      5.7
0 0    -10.4  52294.1     -4.4     21.9
0 0      2.1  52274.8      8.1      2.6
0 0     -6.0  52275.5     -0.0      3.3
30 0    -39.0  52239.8    -12.6    -20.0
30 0    -36.8  52231.3    -10.4    -28.5
30 0    -49.1  52224.3    -22.7    -35.4
60 0    -72.3  52236.8    -22.0    -22.5
60 0    -68.0  52240.4    -17.7    -18.8
60 0    -63.5  52232.3    -13.2    -26.9
90 0    -95.7  52276.1    -24.4      5.4
90 0    -91.7  52259.5    -20.5    -11.2
90 0    -94.9  52272.8    -23.6      2.1
120 0    -72.7  52299.0     11.0      7.9
120 0   -122.1  52292.2    -38.4      1.1
120 0   -103.1  52326.5    -19.4     35.4
180 0    -70.0  52361.3      2.8     25.3
180 0    -67.4  52363.9      5.3     28.0
180 0    -80.5  52359.7     -7.8     23.8
210 0    -42.6  52380.1      9.7     31.7
210 0    -44.9  52367.0      7.4     18.7
210 0    -41.9  52374.0     10.5     25.6
240 0     -0.5  52362.8     28.0     13.9
240 0     -5.5  52359.6     23.0     10.7
240 0     -0.7  52360.4     27.8     11.5
270 0     23.0  52316.7     30.5    -20.8
270 0     22.4  52348.4     29.9     11.0
270 0     32.8  52330.0     40.3     -7.4
300 0     25.7  52299.5     20.7    -17.5
300 0     37.1  52309.9     32.2     -7.2
300 0     28.7  52291.6     23.8    -25.4
330 0     12.7  52268.4      7.3    -24.7
330 0     13.2  52272.9      7.7    -20.2
330 0     18.5  52273.7     13.1    -19.4
360 0     18.7  52287.0     24.7     14.8
360 0     13.5  52287.3     19.5     15.1
360 0     13.4  52268.4     19.4     -3.8
0 0    -14.2  52252.4     -8.2    -19.8
0 0     16.2  52244.7     22.2    -27.5
0 0    -11.5  52231.9     -5.5    -40.3
0 0     -4.3  52259.8      1.7    -12.4
0 0     -4.9  52247.9      1.1    -24.3
0 0     -6.7  52247.1     -0.7    -25.1
0 0     11.6  52267.9     17.6     -4.3
0 0     21.4  52246.8     27.4    -25.4
0 0      4.0  52245.1     10.0    -27.1
0 0      4.5  52252.7     10.5    -19.5
0 0     -3.3  52248.7      2.7    -23.5
0 0      3.2  52253.3      9.2    -18.9
0 0     -3.5  52252.4      2.5    -19.8
0 0      1.7  52227.4      7.7    -44.8
0 0    -12.3  52267.2     -6.3     -5.0
0 0      0.8  52229.3      6.8    -42.9
rot1=0-360 rot2=30 mean(erx) mean(ery)     21.6     22.1
rot1 rot2 x y erx ery
0 30    864.1  49263.8     19.2    -49.9
0 30    843.9  49308.1     -1.0     -5.6
0 30    849.3  49322.7      4.4      9.1
0 30    863.7  49301.7     18.7    -12.0
0 30    855.1  49289.8     10.2    -23.9
0 30    874.5  49289.0     29.5    -24.7
30 30   -731.0  49240.8     37.8    -31.4
30 30   -735.2  49251.9     33.6    -20.2
30 30   -729.6  49261.5     39.2    -10.7
60 30  -2160.5  49995.9     26.5    -47.1
60 30  -2153.6  50006.7     33.4    -36.3
60 30  -2156.9  50013.3     30.1    -29.7
90 30  -3029.8  51363.3     -0.0    -56.5
90 30  -3039.7  51402.2     -9.9    -17.6
90 30  -3034.2  51356.9     -4.4    -62.8
120 30  -3088.9  53030.1    -17.6     -3.4
120 30  -3077.1  53018.4     -5.8    -15.0
120 30  -3087.8  53010.5    -16.5    -22.9
150 30  -2351.4  54441.1    -50.9    -10.6
150 30  -2342.6  54430.2    -42.2    -21.4
150 30  -2339.5  54436.8    -39.0    -14.9
180 30   -949.8  55286.2    -26.1     -8.3
180 30   -950.6  55301.6    -26.9      7.1
180 30   -951.6  55294.2    -27.9     -0.3
210 30    683.1  55360.6     -6.9     24.6
210 30    691.8  55338.3      1.8      2.3
210 30    649.8  55367.7    -40.2     31.7
240 30   2112.8  54600.5      4.5     35.4
240 30   2112.9  54599.3      4.6     34.1
240 30   2119.7  54586.4     11.5     21.2
270 30   2975.3  53242.9     24.2     54.5
270 30   2950.4  53199.0     -0.6     10.6
270 30   2975.9  53215.4     24.9     27.1
300 30   3027.4  51597.5     34.9     22.8
300 30   3024.4  51591.8     31.8     17.1
300 30   3030.3  51590.4     37.7     15.7
330 30   2226.9  50153.5      5.2     -2.9
360 30    894.1  49335.0     49.2     21.3
0 30    869.3  49298.3     24.4    -15.4
0 30    853.8  49288.0      8.9    -25.7
0 30    867.4  49310.6     22.5     -3.1
rot1=0-360 rot2=60 mean(erx) mean(ery)     28.5     31.2
rot1 rot2 x y erx ery
0 60   3075.7  47172.3     14.5     -4.7
30 60    172.2  46286.9     90.0    -26.7
30 60    142.6  46327.2     60.4     13.6
30 60    128.2  46325.2     46.0     11.6
30 60    125.5  46324.6     43.3     11.0
60 60  -2869.4  47014.8     60.0    -40.6
60 60  -2852.3  46981.5     77.0    -73.8
60 60  -2863.7  47001.8     65.7    -53.6
90 60  -5153.4  49156.3     13.1    -47.2
90 60  -5158.9  49142.8      7.6    -60.7
90 60  -5158.1  49155.4      8.4    -48.1
120 60  -6045.6  52130.8    -15.8    -51.7
120 60  -6032.2  52134.1     -2.3    -48.4
120 60  -6037.6  52129.8     -7.8    -52.7
180 60  -3200.6  57404.7    -60.7    -26.5
180 60  -3200.2  57414.2    -60.3    -17.0
180 60  -3205.1  57394.8    -65.2    -36.4
210 60   -179.9  58306.3    -18.9     11.7
210 60   -179.9  58301.6    -19.0      7.1
210 60   -183.9  58318.1    -22.9     23.6
240 60   2826.0  57602.8    -24.5     50.0
240 60   2826.0  57582.4    -24.6     29.6
240 60   2820.2  57575.6    -30.4     22.8
270 60   5078.8  55446.2     -9.0     41.6
270 60   5072.9  55452.5    -14.8     47.9
270 60   5080.1  55450.1     -7.7     45.5
300 60   5972.0  52457.5     20.9     31.8
300 60   5973.0  52465.5     21.9     39.8
300 60   5961.4  52480.8     10.3     55.2
330 60   5225.2  49423.9     15.9      9.8
330 60   5212.0  49407.8      2.7     -6.3
330 60   5209.3  49423.2     -0.1      9.1
0 60   3077.7  47147.9     16.6    -29.0
0 60   3077.1  47176.7     16.0     -0.3
0 60   3083.5  47170.3     22.4     -6.7
rot1=0-360 rot2=180 mean(erx) mean(ery)     36.8     17.3
rot1 rot2 x y erx ery
0 180  11891.3  52483.8      4.9     -5.6
0 180  11888.2  52493.9      1.8      4.5
0 180  11892.2  52486.1      5.8     -3.3
0 180  11896.5  52510.7     10.2     21.4
0 180  11885.9  52497.4     -0.5      8.0
0 180  11891.1  52499.8      4.8     10.4
0 180  11889.4  52505.9      3.1     16.5
0 180  11896.4  52510.2     10.1     20.8
0 180  11899.4  52499.4     13.0     10.0
240 180  -6228.1  62519.1    -65.4    -20.3
240 180  -6226.9  62512.2    -64.1    -27.3
240 180  -6231.0  62499.9    -68.3    -39.5
270 180   -332.7  64229.0   -108.0     -0.8
270 180   -333.7  64235.4   -109.0      5.6
270 180   -337.1  64248.3   -112.4     18.5
300 180   5701.2  62766.8    -61.8     42.1
300 180   5711.1  62760.0    -51.9     35.3
300 180   5699.0  62766.5    -64.0     41.8
330 180  10196.4  58427.0      0.4     -0.5
330 180  10199.0  58456.1      3.0     28.7
330 180  10184.8  58429.7    -11.1      2.3
